1000 104.200000
2000 247.000000
3000 409.800000
4000 539.800000
5000 598.400000
6000 715.600000
7000 1110.400000
8000 961.000000
9000 1100.600000
10000 1276.600000
11000 1439.200000
12000 1919.600000
13000 2973.400000
14000 1913.000000
15000 2401.800000
16000 2822.200000
17000 3806.600000
18000 2943.200000
19000 3782.400000
20000 3084.400000
21000 3703.600000
22000 2970.400000
23000 3442.200000
24000 4684.600000
25000 4955.200000
26000 5553.200000
27000 4606.400000
28000 4389.800000
29000 5769.000000
30000 7157.800000
31000 5519.000000
32000 5425.200000
33000 5789.200000
34000 5414.000000
35000 6791.000000
36000 7579.400000
37000 7095.000000
38000 7230.800000
39000 7968.200000
40000 7875.000000
41000 8080.800000
42000 8068.200000
43000 8127.000000
44000 8095.600000
45000 9103.200000
46000 9948.400000
47000 11343.200000
48000 10006.600000
49000 9984.600000
50000 9817.600000
51000 10999.600000
52000 10945.200000
53000 10074.600000
54000 10846.400000
55000 11693.400000
56000 12116.800000
57000 11718.600000
58000 12476.600000
59000 13667.800000
60000 12306.800000
61000 12868.000000
62000 13388.200000
63000 15750.400000
64000 15654.800000
65000 14947.600000
66000 14531.200000
67000 15657.000000
68000 15547.200000
69000 15841.000000
70000 15476.200000
71000 16028.000000
72000 17583.800000
73000 17455.200000
74000 17254.200000
75000 17953.800000
76000 18369.800000
77000 20731.800000
78000 19255.400000
79000 20460.600000
80000 21274.400000
81000 20730.400000
82000 19916.800000
83000 21054.200000
84000 24942.000000
85000 21330.600000
86000 21089.600000
87000 21584.000000
88000 22577.400000
89000 22448.800000
90000 21867.400000
91000 24124.000000
92000 23655.200000
93000 23938.200000
94000 24824.000000
95000 30091.800000
96000 25209.600000
97000 26151.400000
98000 32164.000000
99000 28758.600000
100000 27781.800000
