1000 159.200000
2000 300.400000
3000 619.000000
4000 1149.600000
5000 1379.200000
6000 1905.200000
7000 2204.200000
8000 2651.200000
9000 2443.000000
10000 2271.800000
11000 2471.200000
12000 2504.400000
13000 2320.200000
14000 2415.600000
15000 3271.400000
16000 3095.000000
17000 3575.600000
18000 3700.600000
19000 3386.200000
20000 3666.000000
21000 4065.200000
22000 4374.600000
23000 5333.000000
24000 4571.200000
25000 4811.000000
26000 5682.600000
27000 5448.200000
28000 6157.200000
29000 6407.600000
30000 6160.400000
31000 6692.800000
32000 7304.800000
33000 6813.000000
34000 6645.000000
35000 7244.600000
36000 7397.400000
37000 7592.600000
38000 8483.000000
39000 8734.400000
40000 9014.000000
41000 8409.600000
42000 10856.000000
43000 9426.000000
44000 12170.000000
45000 10744.800000
46000 12543.200000
47000 9932.600000
48000 10214.600000
49000 10404.600000
50000 10999.000000
51000 12986.000000
52000 11176.600000
53000 11966.000000
54000 13767.200000
55000 12238.600000
56000 11981.400000
57000 13315.200000
58000 12365.200000
59000 12410.600000
60000 13526.000000
61000 14185.200000
62000 16629.400000
63000 12940.600000
64000 13391.600000
65000 15523.200000
66000 14358.600000
67000 13930.200000
68000 14569.400000
69000 14583.000000
70000 15666.600000
71000 15232.600000
72000 16737.800000
73000 16155.400000
74000 15164.800000
75000 15627.400000
76000 15629.200000
77000 17804.400000
78000 19039.600000
79000 18838.400000
80000 17557.600000
81000 17426.600000
82000 20040.200000
83000 18489.000000
84000 17702.200000
85000 23298.600000
86000 19510.000000
87000 21586.800000
88000 20747.800000
89000 20615.400000
90000 21892.800000
91000 21115.400000
92000 21052.400000
93000 21066.200000
94000 20367.800000
95000 23042.200000
96000 23455.400000
97000 22273.400000
98000 23533.200000
99000 21225.400000
100000 22695.800000
