1000 609.200000
2000 2451.200000
3000 4683.800000
4000 7769.200000
5000 11395.600000
6000 17177.600000
7000 23369.600000
8000 29634.800000
9000 39640.200000
10000 45846.800000
11000 55274.400000
12000 65818.600000
13000 78757.000000
14000 95161.400000
15000 102893.600000
16000 117041.000000
17000 135265.800000
18000 149077.600000
19000 169136.400000
20000 185178.400000
21000 209905.600000
22000 225689.800000
23000 238078.800000
24000 269906.200000
25000 315539.200000
26000 335713.200000
27000 337815.600000
28000 361463.800000
29000 394453.600000
30000 421251.000000
31000 448813.400000
32000 463693.600000
33000 503114.600000
34000 550388.600000
35000 578862.600000
36000 596228.200000
37000 637775.600000
38000 672859.600000
39000 692028.400000
40000 734098.800000
41000 768860.000000
42000 812459.600000
43000 868040.200000
44000 902913.200000
45000 945148.600000
46000 987776.800000
47000 1055547.600000
48000 1068094.200000
49000 1109586.400000
50000 1147024.800000
51000 1200159.000000
52000 1237057.800000
53000 1306998.800000
54000 1348715.200000
55000 1394667.800000
56000 1436875.600000
57000 1515439.600000
58000 1554758.000000
59000 1615968.800000
60000 1674493.200000
61000 1716362.200000
62000 1775509.200000
63000 1858907.000000
64000 1910651.800000
65000 1982314.400000
66000 2005347.200000
67000 2064879.400000
68000 2153598.600000
69000 2214552.800000
70000 2265227.800000
71000 2348669.600000
72000 2409653.800000
73000 2513071.800000
74000 2553645.600000
75000 2614017.400000
76000 2663810.400000
77000 2779806.400000
78000 2856517.000000
79000 2946868.000000
80000 2993735.000000
81000 3054257.000000
82000 3136338.400000
83000 3209669.800000
84000 3315862.000000
85000 3370286.200000
86000 3404888.200000
87000 3539910.400000
88000 3603037.400000
89000 3673015.600000
90000 3690623.400000
91000 3595511.400000
92000 3579989.800000
93000 3677656.600000
94000 3793873.400000
95000 3883923.400000
96000 3942377.800000
97000 4200358.600000
98000 4122442.000000
99000 4171285.600000
100000 4609638.200000
