1000 137.200000
2000 509.800000
3000 871.800000
4000 993.000000
5000 1004.400000
6000 1164.000000
7000 1167.200000
8000 1309.200000
9000 1543.400000
10000 2424.200000
11000 2419.000000
12000 3000.200000
13000 3553.600000
14000 4326.400000
15000 3483.600000
16000 4552.400000
17000 4000.400000
18000 4764.800000
19000 4925.000000
20000 4323.000000
21000 3777.800000
22000 4443.400000
23000 4128.200000
24000 5661.800000
25000 5005.600000
26000 6151.600000
27000 5430.000000
28000 5803.400000
29000 5739.200000
30000 5572.600000
31000 6257.800000
32000 5890.800000
33000 6100.400000
34000 6915.400000
35000 7181.200000
36000 7012.400000
37000 7340.800000
38000 7324.400000
39000 7502.200000
40000 7383.000000
41000 7094.000000
42000 7175.600000
43000 10019.600000
44000 9971.200000
45000 10083.800000
46000 9710.200000
47000 8042.400000
48000 8678.600000
49000 8340.600000
50000 8686.800000
51000 9393.600000
52000 9298.600000
53000 10142.200000
54000 9415.600000
55000 9967.800000
56000 10535.400000
57000 10080.800000
58000 10331.600000
59000 10435.200000
60000 10735.600000
61000 11217.600000
62000 12196.400000
63000 11240.600000
64000 13458.200000
65000 13146.000000
66000 12086.600000
67000 13060.800000
68000 12421.200000
69000 12711.400000
70000 14032.600000
71000 14483.800000
72000 14183.600000
73000 14005.800000
74000 13098.400000
75000 15265.800000
76000 16824.000000
77000 15034.200000
78000 14165.600000
79000 15668.200000
80000 17788.200000
81000 16871.200000
82000 17221.200000
83000 15704.600000
84000 16127.600000
85000 15338.000000
86000 15304.200000
87000 16556.200000
88000 15717.600000
89000 16961.800000
90000 19163.000000
91000 17378.400000
92000 18074.600000
93000 17470.800000
94000 16634.000000
95000 17400.400000
96000 18128.800000
97000 17541.600000
98000 18284.400000
99000 19540.400000
100000 18873.600000
