1000 1033.600000
2000 2951.800000
3000 7329.600000
4000 11807.200000
5000 18891.000000
6000 26753.200000
7000 37392.600000
8000 46850.600000
9000 59013.400000
10000 71696.400000
11000 89264.000000
12000 109171.800000
13000 144109.400000
14000 141395.000000
15000 160820.400000
16000 183908.000000
17000 206615.800000
18000 233852.600000
19000 268638.400000
20000 301985.800000
21000 340267.400000
22000 357685.000000
23000 424589.800000
24000 444689.600000
25000 489369.200000
26000 513115.600000
27000 528122.600000
28000 568479.000000
29000 605687.600000
30000 677115.600000
31000 729298.200000
32000 802925.000000
33000 802095.400000
34000 842942.000000
35000 893093.200000
36000 946248.400000
37000 996891.200000
38000 1042194.400000
39000 1086658.800000
40000 1181826.200000
41000 1251901.800000
42000 1332559.200000
43000 1415322.000000
44000 1351740.400000
45000 1384045.400000
46000 1467958.600000
47000 1491795.000000
48000 1592497.000000
49000 1650080.800000
50000 1752930.200000
51000 1890671.400000
52000 1986114.800000
53000 2016292.600000
54000 2060717.600000
55000 2134169.200000
56000 2201607.000000
57000 2258979.800000
58000 2382380.400000
59000 2466427.000000
60000 2509032.200000
61000 2565257.600000
62000 2676063.800000
63000 2719449.000000
64000 2833759.800000
65000 2929110.600000
66000 3078428.800000
67000 3210563.200000
68000 3308408.800000
69000 3316138.200000
70000 3398408.600000
71000 3612677.400000
72000 3318594.600000
73000 3986591.200000
74000 4051696.200000
75000 3866532.200000
76000 3855206.400000
77000 3932925.600000
78000 4050930.000000
79000 4146251.600000
80000 4267095.600000
81000 4487244.200000
82000 4489782.000000
83000 4731632.000000
84000 5070472.000000
85000 4979980.800000
86000 5020009.800000
87000 5020868.600000
88000 5147688.400000
89000 5314907.600000
90000 5371942.200000
91000 5509354.600000
92000 5604250.800000
93000 5793905.200000
94000 5854786.000000
95000 6000683.400000
96000 6116466.400000
97000 6422387.600000
98000 6896691.600000
99000 7068103.600000
100000 7853659.600000
