1000 2826.200000
2000 7747.600000
3000 11494.800000
4000 20684.200000
5000 32988.200000
6000 45352.000000
7000 62336.800000
8000 80529.400000
9000 104818.000000
10000 132889.000000
11000 161833.400000
12000 204195.400000
13000 248768.400000
14000 278987.200000
15000 320312.600000
16000 422359.600000
17000 483618.600000
18000 558565.200000
19000 637495.200000
20000 730111.600000
21000 827262.600000
22000 926778.800000
23000 1032279.600000
24000 1145368.200000
25000 1226059.800000
26000 1355550.200000
27000 1494658.200000
28000 1667737.000000
29000 1745536.200000
30000 1910685.800000
31000 2066854.600000
32000 2214290.000000
33000 2359448.800000
34000 2548991.600000
35000 2724747.600000
36000 2852078.400000
37000 3064853.800000
38000 3231132.200000
39000 3422017.800000
40000 3587809.200000
41000 3791473.200000
42000 3950308.200000
43000 4159815.800000
44000 4389567.000000
45000 4598709.400000
46000 4828427.000000
47000 5080048.200000
48000 5276164.000000
49000 5515848.000000
50000 6584120.600000
51000 6131891.800000
52000 6494786.200000
53000 6668472.600000
54000 6921504.400000
55000 7244497.800000
56000 7545190.000000
57000 7826358.600000
58000 8312452.800000
59000 8256625.400000
60000 8422371.800000
61000 8726133.800000
62000 9826122.600000
63000 11188462.000000
64000 10212466.800000
65000 10552532.200000
66000 10734933.800000
67000 10587548.400000
68000 10802084.000000
69000 11291750.200000
70000 11731878.800000
71000 11994854.600000
72000 12327519.600000
73000 12865299.000000
74000 13092668.800000
75000 13554904.200000
76000 13897490.800000
77000 14316841.200000
78000 14645043.000000
79000 15503264.000000
80000 15458415.000000
81000 15830853.400000
82000 17063512.800000
83000 16857940.200000
84000 17045250.200000
85000 17876025.800000
86000 19866358.000000
87000 18319765.800000
88000 19343584.000000
89000 21084870.600000
90000 25278701.400000
91000 25863525.000000
92000 25888556.000000
93000 27024826.000000
94000 27807658.400000
95000 28452993.400000
96000 29059724.800000
97000 29580823.200000
98000 30194375.400000
99000 30406258.400000
100000 31221959.200000
